(kicad_pcb (version 20171130) (host pcbnew "(5.1.10-1-10_14)")

  (general
    (thickness 1.6)
    (drawings 32)
    (tracks 377)
    (zones 0)
    (modules 31)
    (nets 46)
  )

  (page A4)
  (layers
    (0 F.Cu signal)
    (31 B.Cu signal)
    (32 B.Adhes user)
    (33 F.Adhes user)
    (34 B.Paste user)
    (35 F.Paste user)
    (36 B.SilkS user)
    (37 F.SilkS user)
    (38 B.Mask user)
    (39 F.Mask user)
    (40 Dwgs.User user)
    (41 Cmts.User user hide)
    (42 Eco1.User user hide)
    (43 Eco2.User user hide)
    (44 Edge.Cuts user)
    (45 Margin user hide)
    (46 B.CrtYd user)
    (47 F.CrtYd user)
    (48 B.Fab user hide)
    (49 F.Fab user hide)
  )

  (setup
    (last_trace_width 0.15)
    (user_trace_width 0.128)
    (user_trace_width 0.187)
    (user_trace_width 0.2)
    (user_trace_width 0.29337)
    (user_trace_width 0.4)
    (user_trace_width 0.6)
    (user_trace_width 2)
    (trace_clearance 0.127)
    (zone_clearance 0.35)
    (zone_45_only no)
    (trace_min 0.127)
    (via_size 0.8)
    (via_drill 0.4)
    (via_min_size 0.4)
    (via_min_drill 0.2)
    (user_via 0.45 0.25)
    (user_via 0.6 0.4)
    (uvia_size 0.3)
    (uvia_drill 0.1)
    (uvias_allowed no)
    (uvia_min_size 0.2)
    (uvia_min_drill 0.1)
    (edge_width 0.05)
    (segment_width 0.2)
    (pcb_text_width 0.3)
    (pcb_text_size 1.5 1.5)
    (mod_edge_width 0.12)
    (mod_text_size 1 1)
    (mod_text_width 0.15)
    (pad_size 1.25 1.25)
    (pad_drill 0)
    (pad_to_mask_clearance 0)
    (aux_axis_origin 176.95 57.8)
    (grid_origin 176.95 57.8)
    (visible_elements FFFFFF7F)
    (pcbplotparams
      (layerselection 0x010fc_ffffffff)
      (usegerberextensions false)
      (usegerberattributes true)
      (usegerberadvancedattributes true)
      (creategerberjobfile true)
      (excludeedgelayer true)
      (linewidth 0.100000)
      (plotframeref false)
      (viasonmask false)
      (mode 1)
      (useauxorigin false)
      (hpglpennumber 1)
      (hpglpenspeed 20)
      (hpglpendiameter 15.000000)
      (psnegative false)
      (psa4output false)
      (plotreference true)
      (plotvalue true)
      (plotinvisibletext false)
      (padsonsilk false)
      (subtractmaskfromsilk false)
      (outputformat 1)
      (mirror false)
      (drillshape 0)
      (scaleselection 1)
      (outputdirectory "gerber/"))
  )

  (net 0 "")
  (net 1 GND)
  (net 2 SWDIO)
  (net 3 SWCLK)
  (net 4 ~Reset)
  (net 5 VIN)
  (net 6 +3V3)
  (net 7 "Net-(C3-Pad1)")
  (net 8 "Net-(C3-Pad2)")
  (net 9 "Net-(C5-Pad1)")
  (net 10 "Net-(C6-Pad2)")
  (net 11 clap_adc)
  (net 12 "Net-(C8-Pad2)")
  (net 13 WS2182B)
  (net 14 batt_adc)
  (net 15 "Net-(R1-Pad2)")
  (net 16 "Net-(R5-Pad1)")
  (net 17 "Net-(R6-Pad1)")
  (net 18 "Net-(R7-Pad2)")
  (net 19 "Net-(R8-Pad1)")
  (net 20 "Net-(D1-Pad2)")
  (net 21 "Net-(J1-Pad6)")
  (net 22 "Net-(J2-PadB5)")
  (net 23 "Net-(J2-PadA7)")
  (net 24 "Net-(J2-PadA6)")
  (net 25 "Net-(J2-PadA5)")
  (net 26 "Net-(J2-PadB6)")
  (net 27 "Net-(J2-PadB7)")
  (net 28 "Net-(MD1-Pad6)")
  (net 29 "Net-(MD1-Pad8)")
  (net 30 "Net-(MD1-Pad9)")
  (net 31 "Net-(MD1-Pad21)")
  (net 32 "Net-(MD1-Pad22)")
  (net 33 "Net-(MD1-Pad24)")
  (net 34 "Net-(MD1-Pad28)")
  (net 35 "Net-(MD1-Pad14)")
  (net 36 "Net-(MD1-Pad11)")
  (net 37 "Net-(MD1-Pad13)")
  (net 38 "Net-(MD1-Pad19)")
  (net 39 "Net-(MD1-Pad5)")
  (net 40 "Net-(MD1-Pad7)")
  (net 41 "Net-(MD1-Pad23)")
  (net 42 "Net-(MD1-Pad25)")
  (net 43 "Net-(MD1-Pad27)")
  (net 44 "Net-(U2-Pad6)")
  (net 45 "Net-(U2-Pad7)")

  (net_class Default "This is the default net class."
    (clearance 0.127)
    (trace_width 0.15)
    (via_dia 0.8)
    (via_drill 0.4)
    (uvia_dia 0.3)
    (uvia_drill 0.1)
    (add_net +3V3)
    (add_net GND)
    (add_net "Net-(C3-Pad1)")
    (add_net "Net-(C3-Pad2)")
    (add_net "Net-(C5-Pad1)")
    (add_net "Net-(C6-Pad2)")
    (add_net "Net-(C8-Pad2)")
    (add_net "Net-(D1-Pad2)")
    (add_net "Net-(J1-Pad6)")
    (add_net "Net-(J2-PadA5)")
    (add_net "Net-(J2-PadA6)")
    (add_net "Net-(J2-PadA7)")
    (add_net "Net-(J2-PadB5)")
    (add_net "Net-(J2-PadB6)")
    (add_net "Net-(J2-PadB7)")
    (add_net "Net-(MD1-Pad11)")
    (add_net "Net-(MD1-Pad13)")
    (add_net "Net-(MD1-Pad14)")
    (add_net "Net-(MD1-Pad19)")
    (add_net "Net-(MD1-Pad21)")
    (add_net "Net-(MD1-Pad22)")
    (add_net "Net-(MD1-Pad23)")
    (add_net "Net-(MD1-Pad24)")
    (add_net "Net-(MD1-Pad25)")
    (add_net "Net-(MD1-Pad27)")
    (add_net "Net-(MD1-Pad28)")
    (add_net "Net-(MD1-Pad5)")
    (add_net "Net-(MD1-Pad6)")
    (add_net "Net-(MD1-Pad7)")
    (add_net "Net-(MD1-Pad8)")
    (add_net "Net-(MD1-Pad9)")
    (add_net "Net-(R1-Pad2)")
    (add_net "Net-(R5-Pad1)")
    (add_net "Net-(R6-Pad1)")
    (add_net "Net-(R7-Pad2)")
    (add_net "Net-(R8-Pad1)")
    (add_net "Net-(U2-Pad6)")
    (add_net "Net-(U2-Pad7)")
    (add_net SWCLK)
    (add_net SWDIO)
    (add_net VIN)
    (add_net WS2182B)
    (add_net batt_adc)
    (add_net clap_adc)
    (add_net ~Reset)
  )

  (module Capacitor_SMD:C_0603_1608Metric (layer F.Cu) (tedit 5F68FEEE) (tstamp 6158778E)
    (at 191.2 50.9)
    (descr "Capacitor SMD 0603 (1608 Metric), square (rectangular) end terminal, IPC_7351 nominal, (Body size source: IPC-SM-782 page 76, https://www.pcb-3d.com/wordpress/wp-content/uploads/ipc-sm-782a_amendment_1_and_2.pdf), generated with kicad-footprint-generator")
    (tags capacitor)
    (path /615FE775)
    (attr smd)
    (fp_text reference C1 (at 4.4 1.7) (layer F.SilkS) hide
      (effects (font (size 0.75 0.75) (thickness 0.12)))
    )
    (fp_text value 10uF (at 0 1.43) (layer F.Fab)
      (effects (font (size 1 1) (thickness 0.15)))
    )
    (fp_line (start 1.48 0.73) (end -1.48 0.73) (layer F.CrtYd) (width 0.05))
    (fp_line (start 1.48 -0.73) (end 1.48 0.73) (layer F.CrtYd) (width 0.05))
    (fp_line (start -1.48 -0.73) (end 1.48 -0.73) (layer F.CrtYd) (width 0.05))
    (fp_line (start -1.48 0.73) (end -1.48 -0.73) (layer F.CrtYd) (width 0.05))
    (fp_line (start -0.14058 0.51) (end 0.14058 0.51) (layer F.SilkS) (width 0.12))
    (fp_line (start -0.14058 -0.51) (end 0.14058 -0.51) (layer F.SilkS) (width 0.12))
    (fp_line (start 0.8 0.4) (end -0.8 0.4) (layer F.Fab) (width 0.1))
    (fp_line (start 0.8 -0.4) (end 0.8 0.4) (layer F.Fab) (width 0.1))
    (fp_line (start -0.8 -0.4) (end 0.8 -0.4) (layer F.Fab) (width 0.1))
    (fp_line (start -0.8 0.4) (end -0.8 -0.4) (layer F.Fab) (width 0.1))
    (fp_text user %R (at 0 0) (layer F.Fab)
      (effects (font (size 0.4 0.4) (thickness 0.06)))
    )
    (pad 1 smd roundrect (at -0.775 0) (size 0.9 0.95) (layers F.Cu F.Paste F.Mask) (roundrect_rratio 0.25)
      (net 5 VIN))
    (pad 2 smd roundrect (at 0.775 0) (size 0.9 0.95) (layers F.Cu F.Paste F.Mask) (roundrect_rratio 0.25)
      (net 1 GND))
    (model ${KISYS3DMOD}/Capacitor_SMD.3dshapes/C_0603_1608Metric.wrl
      (at (xyz 0 0 0))
      (scale (xyz 1 1 1))
      (rotate (xyz 0 0 0))
    )
  )

  (module Capacitor_SMD:C_0603_1608Metric (layer F.Cu) (tedit 5F68FEEE) (tstamp 6158779F)
    (at 196.4 31.5 180)
    (descr "Capacitor SMD 0603 (1608 Metric), square (rectangular) end terminal, IPC_7351 nominal, (Body size source: IPC-SM-782 page 76, https://www.pcb-3d.com/wordpress/wp-content/uploads/ipc-sm-782a_amendment_1_and_2.pdf), generated with kicad-footprint-generator")
    (tags capacitor)
    (path /615345B9)
    (attr smd)
    (fp_text reference C2 (at 0.6 1.2) (layer F.SilkS)
      (effects (font (size 0.75 0.75) (thickness 0.12)))
    )
    (fp_text value 100n (at 0 1.43) (layer F.Fab)
      (effects (font (size 1 1) (thickness 0.15)))
    )
    (fp_line (start -0.8 0.4) (end -0.8 -0.4) (layer F.Fab) (width 0.1))
    (fp_line (start -0.8 -0.4) (end 0.8 -0.4) (layer F.Fab) (width 0.1))
    (fp_line (start 0.8 -0.4) (end 0.8 0.4) (layer F.Fab) (width 0.1))
    (fp_line (start 0.8 0.4) (end -0.8 0.4) (layer F.Fab) (width 0.1))
    (fp_line (start -0.14058 -0.51) (end 0.14058 -0.51) (layer F.SilkS) (width 0.12))
    (fp_line (start -0.14058 0.51) (end 0.14058 0.51) (layer F.SilkS) (width 0.12))
    (fp_line (start -1.48 0.73) (end -1.48 -0.73) (layer F.CrtYd) (width 0.05))
    (fp_line (start -1.48 -0.73) (end 1.48 -0.73) (layer F.CrtYd) (width 0.05))
    (fp_line (start 1.48 -0.73) (end 1.48 0.73) (layer F.CrtYd) (width 0.05))
    (fp_line (start 1.48 0.73) (end -1.48 0.73) (layer F.CrtYd) (width 0.05))
    (fp_text user %R (at 0 0) (layer F.Fab)
      (effects (font (size 0.4 0.4) (thickness 0.06)))
    )
    (pad 2 smd roundrect (at 0.775 0 180) (size 0.9 0.95) (layers F.Cu F.Paste F.Mask) (roundrect_rratio 0.25)
      (net 6 +3V3))
    (pad 1 smd roundrect (at -0.775 0 180) (size 0.9 0.95) (layers F.Cu F.Paste F.Mask) (roundrect_rratio 0.25)
      (net 1 GND))
    (model ${KISYS3DMOD}/Capacitor_SMD.3dshapes/C_0603_1608Metric.wrl
      (at (xyz 0 0 0))
      (scale (xyz 1 1 1))
      (rotate (xyz 0 0 0))
    )
  )

  (module Capacitor_SMD:C_0603_1608Metric (layer F.Cu) (tedit 5F68FEEE) (tstamp 615877B0)
    (at 191 29.6)
    (descr "Capacitor SMD 0603 (1608 Metric), square (rectangular) end terminal, IPC_7351 nominal, (Body size source: IPC-SM-782 page 76, https://www.pcb-3d.com/wordpress/wp-content/uploads/ipc-sm-782a_amendment_1_and_2.pdf), generated with kicad-footprint-generator")
    (tags capacitor)
    (path /615148AD)
    (attr smd)
    (fp_text reference C3 (at 0 -1.2) (layer F.SilkS)
      (effects (font (size 0.75 0.75) (thickness 0.12)))
    )
    (fp_text value 1uF (at 0 1.43) (layer F.Fab)
      (effects (font (size 1 1) (thickness 0.15)))
    )
    (fp_line (start 1.48 0.73) (end -1.48 0.73) (layer F.CrtYd) (width 0.05))
    (fp_line (start 1.48 -0.73) (end 1.48 0.73) (layer F.CrtYd) (width 0.05))
    (fp_line (start -1.48 -0.73) (end 1.48 -0.73) (layer F.CrtYd) (width 0.05))
    (fp_line (start -1.48 0.73) (end -1.48 -0.73) (layer F.CrtYd) (width 0.05))
    (fp_line (start -0.14058 0.51) (end 0.14058 0.51) (layer F.SilkS) (width 0.12))
    (fp_line (start -0.14058 -0.51) (end 0.14058 -0.51) (layer F.SilkS) (width 0.12))
    (fp_line (start 0.8 0.4) (end -0.8 0.4) (layer F.Fab) (width 0.1))
    (fp_line (start 0.8 -0.4) (end 0.8 0.4) (layer F.Fab) (width 0.1))
    (fp_line (start -0.8 -0.4) (end 0.8 -0.4) (layer F.Fab) (width 0.1))
    (fp_line (start -0.8 0.4) (end -0.8 -0.4) (layer F.Fab) (width 0.1))
    (fp_text user %R (at 0 0) (layer F.Fab)
      (effects (font (size 0.4 0.4) (thickness 0.06)))
    )
    (pad 1 smd roundrect (at -0.775 0) (size 0.9 0.95) (layers F.Cu F.Paste F.Mask) (roundrect_rratio 0.25)
      (net 7 "Net-(C3-Pad1)"))
    (pad 2 smd roundrect (at 0.775 0) (size 0.9 0.95) (layers F.Cu F.Paste F.Mask) (roundrect_rratio 0.25)
      (net 8 "Net-(C3-Pad2)"))
    (model ${KISYS3DMOD}/Capacitor_SMD.3dshapes/C_0603_1608Metric.wrl
      (at (xyz 0 0 0))
      (scale (xyz 1 1 1))
      (rotate (xyz 0 0 0))
    )
  )

  (module Capacitor_SMD:C_0603_1608Metric (layer F.Cu) (tedit 5F68FEEE) (tstamp 615877C1)
    (at 198.6 46.8 270)
    (descr "Capacitor SMD 0603 (1608 Metric), square (rectangular) end terminal, IPC_7351 nominal, (Body size source: IPC-SM-782 page 76, https://www.pcb-3d.com/wordpress/wp-content/uploads/ipc-sm-782a_amendment_1_and_2.pdf), generated with kicad-footprint-generator")
    (tags capacitor)
    (path /6162FE00)
    (attr smd)
    (fp_text reference C4 (at -1.2 -1.7 90) (layer F.SilkS)
      (effects (font (size 1 1) (thickness 0.15)))
    )
    (fp_text value 10uF (at 0 1.43 90) (layer F.Fab)
      (effects (font (size 1 1) (thickness 0.15)))
    )
    (fp_line (start -0.8 0.4) (end -0.8 -0.4) (layer F.Fab) (width 0.1))
    (fp_line (start -0.8 -0.4) (end 0.8 -0.4) (layer F.Fab) (width 0.1))
    (fp_line (start 0.8 -0.4) (end 0.8 0.4) (layer F.Fab) (width 0.1))
    (fp_line (start 0.8 0.4) (end -0.8 0.4) (layer F.Fab) (width 0.1))
    (fp_line (start -0.14058 -0.51) (end 0.14058 -0.51) (layer F.SilkS) (width 0.12))
    (fp_line (start -0.14058 0.51) (end 0.14058 0.51) (layer F.SilkS) (width 0.12))
    (fp_line (start -1.48 0.73) (end -1.48 -0.73) (layer F.CrtYd) (width 0.05))
    (fp_line (start -1.48 -0.73) (end 1.48 -0.73) (layer F.CrtYd) (width 0.05))
    (fp_line (start 1.48 -0.73) (end 1.48 0.73) (layer F.CrtYd) (width 0.05))
    (fp_line (start 1.48 0.73) (end -1.48 0.73) (layer F.CrtYd) (width 0.05))
    (fp_text user %R (at 0 0 90) (layer F.Fab)
      (effects (font (size 0.4 0.4) (thickness 0.06)))
    )
    (pad 2 smd roundrect (at 0.775 0 270) (size 0.9 0.95) (layers F.Cu F.Paste F.Mask) (roundrect_rratio 0.25)
      (net 6 +3V3))
    (pad 1 smd roundrect (at -0.775 0 270) (size 0.9 0.95) (layers F.Cu F.Paste F.Mask) (roundrect_rratio 0.25)
      (net 1 GND))
    (model ${KISYS3DMOD}/Capacitor_SMD.3dshapes/C_0603_1608Metric.wrl
      (at (xyz 0 0 0))
      (scale (xyz 1 1 1))
      (rotate (xyz 0 0 0))
    )
  )

  (module Capacitor_SMD:C_0603_1608Metric (layer F.Cu) (tedit 5F68FEEE) (tstamp 615877D2)
    (at 192.5 36.8)
    (descr "Capacitor SMD 0603 (1608 Metric), square (rectangular) end terminal, IPC_7351 nominal, (Body size source: IPC-SM-782 page 76, https://www.pcb-3d.com/wordpress/wp-content/uploads/ipc-sm-782a_amendment_1_and_2.pdf), generated with kicad-footprint-generator")
    (tags capacitor)
    (path /61541B52)
    (attr smd)
    (fp_text reference C5 (at 18.1 -1.2) (layer F.SilkS) hide
      (effects (font (size 1 1) (thickness 0.15)))
    )
    (fp_text value 12pF (at 0 1.43) (layer F.Fab)
      (effects (font (size 1 1) (thickness 0.15)))
    )
    (fp_line (start 1.48 0.73) (end -1.48 0.73) (layer F.CrtYd) (width 0.05))
    (fp_line (start 1.48 -0.73) (end 1.48 0.73) (layer F.CrtYd) (width 0.05))
    (fp_line (start -1.48 -0.73) (end 1.48 -0.73) (layer F.CrtYd) (width 0.05))
    (fp_line (start -1.48 0.73) (end -1.48 -0.73) (layer F.CrtYd) (width 0.05))
    (fp_line (start -0.14058 0.51) (end 0.14058 0.51) (layer F.SilkS) (width 0.12))
    (fp_line (start -0.14058 -0.51) (end 0.14058 -0.51) (layer F.SilkS) (width 0.12))
    (fp_line (start 0.8 0.4) (end -0.8 0.4) (layer F.Fab) (width 0.1))
    (fp_line (start 0.8 -0.4) (end 0.8 0.4) (layer F.Fab) (width 0.1))
    (fp_line (start -0.8 -0.4) (end 0.8 -0.4) (layer F.Fab) (width 0.1))
    (fp_line (start -0.8 0.4) (end -0.8 -0.4) (layer F.Fab) (width 0.1))
    (fp_text user %R (at 0 0) (layer F.Fab)
      (effects (font (size 0.4 0.4) (thickness 0.06)))
    )
    (pad 1 smd roundrect (at -0.775 0) (size 0.9 0.95) (layers F.Cu F.Paste F.Mask) (roundrect_rratio 0.25)
      (net 9 "Net-(C5-Pad1)"))
    (pad 2 smd roundrect (at 0.775 0) (size 0.9 0.95) (layers F.Cu F.Paste F.Mask) (roundrect_rratio 0.25)
      (net 1 GND))
    (model ${KISYS3DMOD}/Capacitor_SMD.3dshapes/C_0603_1608Metric.wrl
      (at (xyz 0 0 0))
      (scale (xyz 1 1 1))
      (rotate (xyz 0 0 0))
    )
  )

  (module Capacitor_SMD:C_0603_1608Metric (layer F.Cu) (tedit 5F68FEEE) (tstamp 615877E3)
    (at 192.5 43.6 180)
    (descr "Capacitor SMD 0603 (1608 Metric), square (rectangular) end terminal, IPC_7351 nominal, (Body size source: IPC-SM-782 page 76, https://www.pcb-3d.com/wordpress/wp-content/uploads/ipc-sm-782a_amendment_1_and_2.pdf), generated with kicad-footprint-generator")
    (tags capacitor)
    (path /61541B59)
    (attr smd)
    (fp_text reference C6 (at -0.8 -1.7) (layer F.SilkS)
      (effects (font (size 1 1) (thickness 0.15)))
    )
    (fp_text value 12pF (at 0 1.43) (layer F.Fab)
      (effects (font (size 1 1) (thickness 0.15)))
    )
    (fp_line (start -0.8 0.4) (end -0.8 -0.4) (layer F.Fab) (width 0.1))
    (fp_line (start -0.8 -0.4) (end 0.8 -0.4) (layer F.Fab) (width 0.1))
    (fp_line (start 0.8 -0.4) (end 0.8 0.4) (layer F.Fab) (width 0.1))
    (fp_line (start 0.8 0.4) (end -0.8 0.4) (layer F.Fab) (width 0.1))
    (fp_line (start -0.14058 -0.51) (end 0.14058 -0.51) (layer F.SilkS) (width 0.12))
    (fp_line (start -0.14058 0.51) (end 0.14058 0.51) (layer F.SilkS) (width 0.12))
    (fp_line (start -1.48 0.73) (end -1.48 -0.73) (layer F.CrtYd) (width 0.05))
    (fp_line (start -1.48 -0.73) (end 1.48 -0.73) (layer F.CrtYd) (width 0.05))
    (fp_line (start 1.48 -0.73) (end 1.48 0.73) (layer F.CrtYd) (width 0.05))
    (fp_line (start 1.48 0.73) (end -1.48 0.73) (layer F.CrtYd) (width 0.05))
    (fp_text user %R (at 0 0) (layer F.Fab)
      (effects (font (size 0.4 0.4) (thickness 0.06)))
    )
    (pad 2 smd roundrect (at 0.775 0 180) (size 0.9 0.95) (layers F.Cu F.Paste F.Mask) (roundrect_rratio 0.25)
      (net 10 "Net-(C6-Pad2)"))
    (pad 1 smd roundrect (at -0.775 0 180) (size 0.9 0.95) (layers F.Cu F.Paste F.Mask) (roundrect_rratio 0.25)
      (net 1 GND))
    (model ${KISYS3DMOD}/Capacitor_SMD.3dshapes/C_0603_1608Metric.wrl
      (at (xyz 0 0 0))
      (scale (xyz 1 1 1))
      (rotate (xyz 0 0 0))
    )
  )

  (module Capacitor_SMD:C_0603_1608Metric (layer F.Cu) (tedit 5F68FEEE) (tstamp 615877F4)
    (at 183.9 35.6 180)
    (descr "Capacitor SMD 0603 (1608 Metric), square (rectangular) end terminal, IPC_7351 nominal, (Body size source: IPC-SM-782 page 76, https://www.pcb-3d.com/wordpress/wp-content/uploads/ipc-sm-782a_amendment_1_and_2.pdf), generated with kicad-footprint-generator")
    (tags capacitor)
    (path /61541B17)
    (attr smd)
    (fp_text reference C7 (at 7.2 3.9) (layer F.SilkS) hide
      (effects (font (size 1 1) (thickness 0.15)))
    )
    (fp_text value 10uF (at 0 1.43) (layer F.Fab)
      (effects (font (size 1 1) (thickness 0.15)))
    )
    (fp_line (start -0.8 0.4) (end -0.8 -0.4) (layer F.Fab) (width 0.1))
    (fp_line (start -0.8 -0.4) (end 0.8 -0.4) (layer F.Fab) (width 0.1))
    (fp_line (start 0.8 -0.4) (end 0.8 0.4) (layer F.Fab) (width 0.1))
    (fp_line (start 0.8 0.4) (end -0.8 0.4) (layer F.Fab) (width 0.1))
    (fp_line (start -0.14058 -0.51) (end 0.14058 -0.51) (layer F.SilkS) (width 0.12))
    (fp_line (start -0.14058 0.51) (end 0.14058 0.51) (layer F.SilkS) (width 0.12))
    (fp_line (start -1.48 0.73) (end -1.48 -0.73) (layer F.CrtYd) (width 0.05))
    (fp_line (start -1.48 -0.73) (end 1.48 -0.73) (layer F.CrtYd) (width 0.05))
    (fp_line (start 1.48 -0.73) (end 1.48 0.73) (layer F.CrtYd) (width 0.05))
    (fp_line (start 1.48 0.73) (end -1.48 0.73) (layer F.CrtYd) (width 0.05))
    (fp_text user %R (at 0 0) (layer F.Fab)
      (effects (font (size 0.4 0.4) (thickness 0.06)))
    )
    (pad 2 smd roundrect (at 0.775 0 180) (size 0.9 0.95) (layers F.Cu F.Paste F.Mask) (roundrect_rratio 0.25)
      (net 1 GND))
    (pad 1 smd roundrect (at -0.775 0 180) (size 0.9 0.95) (layers F.Cu F.Paste F.Mask) (roundrect_rratio 0.25)
      (net 6 +3V3))
    (model ${KISYS3DMOD}/Capacitor_SMD.3dshapes/C_0603_1608Metric.wrl
      (at (xyz 0 0 0))
      (scale (xyz 1 1 1))
      (rotate (xyz 0 0 0))
    )
  )

  (module Capacitor_SMD:C_0603_1608Metric (layer F.Cu) (tedit 5F68FEEE) (tstamp 61587805)
    (at 193.9 34 90)
    (descr "Capacitor SMD 0603 (1608 Metric), square (rectangular) end terminal, IPC_7351 nominal, (Body size source: IPC-SM-782 page 76, https://www.pcb-3d.com/wordpress/wp-content/uploads/ipc-sm-782a_amendment_1_and_2.pdf), generated with kicad-footprint-generator")
    (tags capacitor)
    (path /6153680F)
    (attr smd)
    (fp_text reference C8 (at 7.3 7.5 90) (layer F.SilkS) hide
      (effects (font (size 1 1) (thickness 0.15)))
    )
    (fp_text value 220n (at 0 1.43 90) (layer F.Fab)
      (effects (font (size 1 1) (thickness 0.15)))
    )
    (fp_line (start 1.48 0.73) (end -1.48 0.73) (layer F.CrtYd) (width 0.05))
    (fp_line (start 1.48 -0.73) (end 1.48 0.73) (layer F.CrtYd) (width 0.05))
    (fp_line (start -1.48 -0.73) (end 1.48 -0.73) (layer F.CrtYd) (width 0.05))
    (fp_line (start -1.48 0.73) (end -1.48 -0.73) (layer F.CrtYd) (width 0.05))
    (fp_line (start -0.14058 0.51) (end 0.14058 0.51) (layer F.SilkS) (width 0.12))
    (fp_line (start -0.14058 -0.51) (end 0.14058 -0.51) (layer F.SilkS) (width 0.12))
    (fp_line (start 0.8 0.4) (end -0.8 0.4) (layer F.Fab) (width 0.1))
    (fp_line (start 0.8 -0.4) (end 0.8 0.4) (layer F.Fab) (width 0.1))
    (fp_line (start -0.8 -0.4) (end 0.8 -0.4) (layer F.Fab) (width 0.1))
    (fp_line (start -0.8 0.4) (end -0.8 -0.4) (layer F.Fab) (width 0.1))
    (fp_text user %R (at 0 0 90) (layer F.Fab)
      (effects (font (size 0.4 0.4) (thickness 0.06)))
    )
    (pad 1 smd roundrect (at -0.775 0 90) (size 0.9 0.95) (layers F.Cu F.Paste F.Mask) (roundrect_rratio 0.25)
      (net 11 clap_adc))
    (pad 2 smd roundrect (at 0.775 0 90) (size 0.9 0.95) (layers F.Cu F.Paste F.Mask) (roundrect_rratio 0.25)
      (net 12 "Net-(C8-Pad2)"))
    (model ${KISYS3DMOD}/Capacitor_SMD.3dshapes/C_0603_1608Metric.wrl
      (at (xyz 0 0 0))
      (scale (xyz 1 1 1))
      (rotate (xyz 0 0 0))
    )
  )

  (module LED_SMD:LED_WS2812B_PLCC4_5.0x5.0mm_P3.2mm (layer F.Cu) (tedit 5AA4B285) (tstamp 6158781C)
    (at 186.1 47.1)
    (descr https://cdn-shop.adafruit.com/datasheets/WS2812B.pdf)
    (tags "LED RGB NeoPixel")
    (path /615AC2E8)
    (attr smd)
    (fp_text reference D1 (at 0 -0.1) (layer F.SilkS)
      (effects (font (size 1 1) (thickness 0.15)))
    )
    (fp_text value WS2812B (at 0 4) (layer F.Fab)
      (effects (font (size 1 1) (thickness 0.15)))
    )
    (fp_circle (center 0 0) (end 0 -2) (layer F.Fab) (width 0.1))
    (fp_line (start 3.65 2.75) (end 3.65 1.6) (layer F.SilkS) (width 0.12))
    (fp_line (start -3.65 2.75) (end 3.65 2.75) (layer F.SilkS) (width 0.12))
    (fp_line (start -3.65 -2.75) (end 3.65 -2.75) (layer F.SilkS) (width 0.12))
    (fp_line (start 2.5 -2.5) (end -2.5 -2.5) (layer F.Fab) (width 0.1))
    (fp_line (start 2.5 2.5) (end 2.5 -2.5) (layer F.Fab) (width 0.1))
    (fp_line (start -2.5 2.5) (end 2.5 2.5) (layer F.Fab) (width 0.1))
    (fp_line (start -2.5 -2.5) (end -2.5 2.5) (layer F.Fab) (width 0.1))
    (fp_line (start 2.5 1.5) (end 1.5 2.5) (layer F.Fab) (width 0.1))
    (fp_line (start -3.45 -2.75) (end -3.45 2.75) (layer F.CrtYd) (width 0.05))
    (fp_line (start -3.45 2.75) (end 3.45 2.75) (layer F.CrtYd) (width 0.05))
    (fp_line (start 3.45 2.75) (end 3.45 -2.75) (layer F.CrtYd) (width 0.05))
    (fp_line (start 3.45 -2.75) (end -3.45 -2.75) (layer F.CrtYd) (width 0.05))
    (fp_text user 1 (at -4.1 -2.3) (layer F.SilkS)
      (effects (font (size 1 1) (thickness 0.15)))
    )
    (fp_text user %R (at 0 0) (layer F.Fab)
      (effects (font (size 0.8 0.8) (thickness 0.15)))
    )
    (pad 3 smd rect (at 2.45 1.6) (size 1.5 1) (layers F.Cu F.Paste F.Mask)
      (net 1 GND))
    (pad 4 smd rect (at 2.45 -1.6) (size 1.5 1) (layers F.Cu F.Paste F.Mask)
      (net 13 WS2182B))
    (pad 2 smd rect (at -2.45 1.6) (size 1.5 1) (layers F.Cu F.Paste F.Mask)
      (net 20 "Net-(D1-Pad2)"))
    (pad 1 smd rect (at -2.45 -1.6) (size 1.5 1) (layers F.Cu F.Paste F.Mask)
      (net 6 +3V3))
    (model ${KISYS3DMOD}/LED_SMD.3dshapes/LED_WS2812B_PLCC4_5.0x5.0mm_P3.2mm.wrl
      (at (xyz 0 0 0))
      (scale (xyz 1 1 1))
      (rotate (xyz 0 0 0))
    )
  )

  (module Connector:Tag-Connect_TC2030-IDC-FP_2x03_P1.27mm_Vertical (layer F.Cu) (tedit 5A29CE9B) (tstamp 61587855)
    (at 198.4 40.3)
    (descr "Tag-Connect programming header; http://www.tag-connect.com/Materials/TC2030-IDC.pdf")
    (tags "tag connect programming header pogo pins")
    (path /61541A40)
    (attr virtual)
    (fp_text reference J1 (at 2.7 2.7 90) (layer F.SilkS) hide
      (effects (font (size 1 1) (thickness 0.15)))
    )
    (fp_text value JTAG_SWD_6 (at 0 -4.7) (layer F.Fab)
      (effects (font (size 1 1) (thickness 0.15)))
    )
    (fp_line (start 0.635 0.635) (end 1.27 0) (layer Dwgs.User) (width 0.1))
    (fp_line (start 0 0.635) (end 1.27 -0.635) (layer Dwgs.User) (width 0.1))
    (fp_line (start -0.635 0.635) (end 0.635 -0.635) (layer Dwgs.User) (width 0.1))
    (fp_line (start -1.27 0) (end -0.635 -0.635) (layer Dwgs.User) (width 0.1))
    (fp_line (start -1.27 0.635) (end 0 -0.635) (layer Dwgs.User) (width 0.1))
    (fp_line (start -4.25 -4.25) (end 3.75 -4.25) (layer F.CrtYd) (width 0.05))
    (fp_line (start 3.75 -4.25) (end 3.75 4.25) (layer F.CrtYd) (width 0.05))
    (fp_line (start 3.75 4.25) (end -4.25 4.25) (layer F.CrtYd) (width 0.05))
    (fp_line (start -4.25 4.25) (end -4.25 -4.25) (layer F.CrtYd) (width 0.05))
    (fp_line (start -1.27 1.27) (end -1.905 1.27) (layer F.SilkS) (width 0.12))
    (fp_line (start -1.905 1.27) (end -1.905 0.635) (layer F.SilkS) (width 0.12))
    (fp_line (start -1.27 -0.635) (end 1.27 -0.635) (layer Dwgs.User) (width 0.1))
    (fp_line (start 1.27 -0.635) (end 1.27 0.635) (layer Dwgs.User) (width 0.1))
    (fp_line (start 1.27 0.635) (end -1.27 0.635) (layer Dwgs.User) (width 0.1))
    (fp_line (start -1.27 0.635) (end -1.27 -0.635) (layer Dwgs.User) (width 0.1))
    (fp_text user KEEPOUT (at 0 0) (layer Cmts.User)
      (effects (font (size 0.4 0.4) (thickness 0.07)))
    )
    (fp_text user %R (at 0 0) (layer F.Fab)
      (effects (font (size 1 1) (thickness 0.15)))
    )
    (pad "" np_thru_hole circle (at -2.54 2.54) (size 2.3749 2.3749) (drill 2.3749) (layers *.Cu *.Mask))
    (pad "" np_thru_hole circle (at -2.54 -2.54) (size 2.3749 2.3749) (drill 2.3749) (layers *.Cu *.Mask))
    (pad "" np_thru_hole circle (at 0.635 -2.54) (size 2.3749 2.3749) (drill 2.3749) (layers *.Cu *.Mask))
    (pad "" np_thru_hole circle (at 0.635 2.54) (size 2.3749 2.3749) (drill 2.3749) (layers *.Cu *.Mask))
    (pad "" np_thru_hole circle (at 2.54 -1.016) (size 0.9906 0.9906) (drill 0.9906) (layers *.Cu *.Mask))
    (pad "" np_thru_hole circle (at 2.54 1.016) (size 0.9906 0.9906) (drill 0.9906) (layers *.Cu *.Mask))
    (pad "" np_thru_hole circle (at -2.54 0) (size 0.9906 0.9906) (drill 0.9906) (layers *.Cu *.Mask))
    (pad 1 connect circle (at -1.27 0.635) (size 0.7874 0.7874) (layers F.Cu F.Mask)
      (net 6 +3V3))
    (pad 2 connect circle (at -1.27 -0.635) (size 0.7874 0.7874) (layers F.Cu F.Mask)
      (net 2 SWDIO))
    (pad 3 connect circle (at 0 0.635) (size 0.7874 0.7874) (layers F.Cu F.Mask)
      (net 4 ~Reset))
    (pad 4 connect circle (at 0 -0.635) (size 0.7874 0.7874) (layers F.Cu F.Mask)
      (net 3 SWCLK))
    (pad 5 connect circle (at 1.27 0.635) (size 0.7874 0.7874) (layers F.Cu F.Mask)
      (net 1 GND))
    (pad 6 connect circle (at 1.27 -0.635) (size 0.7874 0.7874) (layers F.Cu F.Mask)
      (net 21 "Net-(J1-Pad6)"))
  )

  (module Acea:Raytac-MDBT42V-512KV2-0-0-MFG (layer F.Cu) (tedit 5EF1C773) (tstamp 615878A9)
    (at 182.3 40 90)
    (path /61541AFA)
    (fp_text reference MD1 (at -1.5 -3 90) (layer F.SilkS)
      (effects (font (size 1 1) (thickness 0.15)) (justify left))
    )
    (fp_text value MDBT42V-512KV2 (at 0 0 90) (layer F.SilkS) hide
      (effects (font (size 1.27 1.27) (thickness 0.15)))
    )
    (fp_line (start 3.425 4.225) (end 3.425 -4.225) (layer F.CrtYd) (width 0.15))
    (fp_line (start -3.425 4.225) (end 3.425 4.225) (layer F.CrtYd) (width 0.15))
    (fp_line (start -3.425 -4.225) (end -3.425 4.225) (layer F.CrtYd) (width 0.15))
    (fp_line (start 3.425 -4.225) (end -3.425 -4.225) (layer F.CrtYd) (width 0.15))
    (fp_line (start 3.425 -4.225) (end 3.425 -4.225) (layer F.CrtYd) (width 0.15))
    (fp_circle (center -3.8 -1) (end -3.675 -1) (layer F.SilkS) (width 0.25))
    (fp_line (start -3.2 -1.575) (end -3.2 -4.2) (layer F.SilkS) (width 0.15))
    (fp_line (start 3.2 -1.575) (end 3.2 -4.2) (layer F.SilkS) (width 0.15))
    (fp_line (start -3.2 -4.2) (end 3.2 -4.2) (layer F.SilkS) (width 0.15))
    (fp_poly (pts (xy -2.4 -1.2) (xy -1 -1.2) (xy -1 -0.075) (xy -2.4 -0.075)) (layer Dwgs.User) (width 0))
    (fp_poly (pts (xy -3.5 -4.2) (xy 3.5 -4.2) (xy 3.5 -1.2) (xy -3.5 -1.2)) (layer Dwgs.User) (width 0))
    (fp_poly (pts (xy -3.5 -4.2) (xy 3.5 -4.2) (xy 3.5 -1.2) (xy -3.5 -1.2)) (layer Dwgs.User) (width 0))
    (fp_line (start 3.2 4.2) (end -3.2 4.2) (layer F.Fab) (width 0.15))
    (fp_line (start 3.2 -4.2) (end 3.2 4.2) (layer F.Fab) (width 0.15))
    (fp_line (start -3.2 -4.2) (end 3.2 -4.2) (layer F.Fab) (width 0.15))
    (fp_line (start -3.2 4.2) (end -3.2 -4.2) (layer F.Fab) (width 0.15))
    (pad 1 smd rect (at -2.675 -1 90) (size 0.55 0.4) (layers F.Cu F.Paste F.Mask)
      (net 1 GND))
    (pad 2 smd rect (at -2.675 -0.25 90) (size 0.55 0.4) (layers F.Cu F.Paste F.Mask)
      (net 3 SWCLK))
    (pad 4 smd rect (at -2.675 0.5 90) (size 0.55 0.4) (layers F.Cu F.Paste F.Mask)
      (net 2 SWDIO))
    (pad 6 smd rect (at -2.675 1.25 90) (size 0.55 0.4) (layers F.Cu F.Paste F.Mask)
      (net 28 "Net-(MD1-Pad6)"))
    (pad 8 smd rect (at -2.675 2 90) (size 0.55 0.4) (layers F.Cu F.Paste F.Mask)
      (net 29 "Net-(MD1-Pad8)"))
    (pad 9 smd rect (at -2.675 2.75 90) (size 0.55 0.4) (layers F.Cu F.Paste F.Mask)
      (net 30 "Net-(MD1-Pad9)"))
    (pad 10 smd rect (at -2.675 3.749999 90) (size 0.55 0.4) (layers F.Cu F.Paste F.Mask)
      (net 1 GND))
    (pad 20 smd rect (at 2.675 3.749999 90) (size 0.55 0.4) (layers F.Cu F.Paste F.Mask)
      (net 6 +3V3))
    (pad 21 smd rect (at 2.675 2.75 90) (size 0.55 0.4) (layers F.Cu F.Paste F.Mask)
      (net 31 "Net-(MD1-Pad21)"))
    (pad 22 smd rect (at 2.675 2 90) (size 0.55 0.4) (layers F.Cu F.Paste F.Mask)
      (net 32 "Net-(MD1-Pad22)"))
    (pad 24 smd rect (at 2.675 1.25 90) (size 0.55 0.4) (layers F.Cu F.Paste F.Mask)
      (net 33 "Net-(MD1-Pad24)"))
    (pad 26 smd rect (at 2.675 0.5 90) (size 0.55 0.4) (layers F.Cu F.Paste F.Mask)
      (net 14 batt_adc))
    (pad 28 smd rect (at 2.675 -0.25 90) (size 0.55 0.4) (layers F.Cu F.Paste F.Mask)
      (net 34 "Net-(MD1-Pad28)"))
    (pad 29 smd rect (at 2.675 -1 90) (size 0.55 0.4) (layers F.Cu F.Paste F.Mask)
      (net 1 GND))
    (pad 12 smd rect (at -1.424999 3.75 90) (size 0.55 0.4) (layers F.Cu F.Paste F.Mask)
      (net 13 WS2182B))
    (pad 14 smd rect (at -0.474999 3.75 90) (size 0.55 0.4) (layers F.Cu F.Paste F.Mask)
      (net 35 "Net-(MD1-Pad14)"))
    (pad 16 smd rect (at 0.475001 3.75 90) (size 0.55 0.4) (layers F.Cu F.Paste F.Mask)
      (net 9 "Net-(C5-Pad1)"))
    (pad 18 smd rect (at 1.425001 3.75 90) (size 0.55 0.4) (layers F.Cu F.Paste F.Mask)
      (net 1 GND))
    (pad 11 smd rect (at -1.9 3.165 90) (size 0.55 0.4) (layers F.Cu F.Paste F.Mask)
      (net 36 "Net-(MD1-Pad11)"))
    (pad 13 smd rect (at -0.95 3.165 90) (size 0.55 0.4) (layers F.Cu F.Paste F.Mask)
      (net 37 "Net-(MD1-Pad13)"))
    (pad 15 smd rect (at 0 3.165 90) (size 0.55 0.4) (layers F.Cu F.Paste F.Mask)
      (net 10 "Net-(C6-Pad2)"))
    (pad 17 smd rect (at 0.95 3.165 90) (size 0.55 0.4) (layers F.Cu F.Paste F.Mask)
      (net 11 clap_adc))
    (pad 19 smd rect (at 1.9 3.165 90) (size 0.55 0.4) (layers F.Cu F.Paste F.Mask)
      (net 38 "Net-(MD1-Pad19)"))
    (pad 3 smd rect (at -1.9 0.125 90) (size 0.55 0.4) (layers F.Cu F.Paste F.Mask)
      (net 4 ~Reset))
    (pad 5 smd rect (at -1.9 0.875 90) (size 0.55 0.4) (layers F.Cu F.Paste F.Mask)
      (net 39 "Net-(MD1-Pad5)"))
    (pad 7 smd rect (at -1.9 1.625 90) (size 0.55 0.4) (layers F.Cu F.Paste F.Mask)
      (net 40 "Net-(MD1-Pad7)"))
    (pad 23 smd rect (at 1.9 1.625 90) (size 0.55 0.4) (layers F.Cu F.Paste F.Mask)
      (net 41 "Net-(MD1-Pad23)"))
    (pad 25 smd rect (at 1.9 0.875 90) (size 0.55 0.4) (layers F.Cu F.Paste F.Mask)
      (net 42 "Net-(MD1-Pad25)"))
    (pad 27 smd rect (at 1.9 0.125 90) (size 0.55 0.4) (layers F.Cu F.Paste F.Mask)
      (net 43 "Net-(MD1-Pad27)"))
    (model ${KICAD_USER_MODELS_DIR}/Raytac_-_MDBT42V-512KV2.step
      (offset (xyz 12.75 0.7 0))
      (scale (xyz 1 1 1))
      (rotate (xyz 0 0 0))
    )
  )

  (module Package_TO_SOT_SMD:SOT-23 (layer F.Cu) (tedit 5A02FF57) (tstamp 615878C8)
    (at 188.9 42.4 90)
    (descr "SOT-23, Standard")
    (tags SOT-23)
    (path /6154E95F)
    (attr smd)
    (fp_text reference Q1 (at 0 -2.5 90) (layer F.SilkS) hide
      (effects (font (size 1 1) (thickness 0.15)))
    )
    (fp_text value Si2301 (at 0 2.5 90) (layer F.Fab)
      (effects (font (size 1 1) (thickness 0.15)))
    )
    (fp_line (start 0.76 1.58) (end -0.7 1.58) (layer F.SilkS) (width 0.12))
    (fp_line (start 0.76 -1.58) (end -1.4 -1.58) (layer F.SilkS) (width 0.12))
    (fp_line (start -1.7 1.75) (end -1.7 -1.75) (layer F.CrtYd) (width 0.05))
    (fp_line (start 1.7 1.75) (end -1.7 1.75) (layer F.CrtYd) (width 0.05))
    (fp_line (start 1.7 -1.75) (end 1.7 1.75) (layer F.CrtYd) (width 0.05))
    (fp_line (start -1.7 -1.75) (end 1.7 -1.75) (layer F.CrtYd) (width 0.05))
    (fp_line (start 0.76 -1.58) (end 0.76 -0.65) (layer F.SilkS) (width 0.12))
    (fp_line (start 0.76 1.58) (end 0.76 0.65) (layer F.SilkS) (width 0.12))
    (fp_line (start -0.7 1.52) (end 0.7 1.52) (layer F.Fab) (width 0.1))
    (fp_line (start 0.7 -1.52) (end 0.7 1.52) (layer F.Fab) (width 0.1))
    (fp_line (start -0.7 -0.95) (end -0.15 -1.52) (layer F.Fab) (width 0.1))
    (fp_line (start -0.15 -1.52) (end 0.7 -1.52) (layer F.Fab) (width 0.1))
    (fp_line (start -0.7 -0.95) (end -0.7 1.5) (layer F.Fab) (width 0.1))
    (fp_text user %R (at 0 0) (layer F.Fab)
      (effects (font (size 0.5 0.5) (thickness 0.075)))
    )
    (pad 1 smd rect (at -1 -0.95 90) (size 0.9 0.8) (layers F.Cu F.Paste F.Mask)
      (net 1 GND))
    (pad 2 smd rect (at -1 0.95 90) (size 0.9 0.8) (layers F.Cu F.Paste F.Mask)
      (net 14 batt_adc))
    (pad 3 smd rect (at 1 0 90) (size 0.9 0.8) (layers F.Cu F.Paste F.Mask)
      (net 6 +3V3))
    (model ${KISYS3DMOD}/Package_TO_SOT_SMD.3dshapes/SOT-23.wrl
      (at (xyz 0 0 0))
      (scale (xyz 1 1 1))
      (rotate (xyz 0 0 0))
    )
  )

  (module Resistor_SMD:R_0603_1608Metric (layer F.Cu) (tedit 5F68FEEE) (tstamp 615878D9)
    (at 186 50.8)
    (descr "Resistor SMD 0603 (1608 Metric), square (rectangular) end terminal, IPC_7351 nominal, (Body size source: IPC-SM-782 page 72, https://www.pcb-3d.com/wordpress/wp-content/uploads/ipc-sm-782a_amendment_1_and_2.pdf), generated with kicad-footprint-generator")
    (tags resistor)
    (path /61639B7B)
    (attr smd)
    (fp_text reference R1 (at -0.2 -1.7) (layer F.SilkS)
      (effects (font (size 1 1) (thickness 0.15)))
    )
    (fp_text value 1.2k (at 0 1.43) (layer F.Fab)
      (effects (font (size 1 1) (thickness 0.15)))
    )
    (fp_line (start 1.48 0.73) (end -1.48 0.73) (layer F.CrtYd) (width 0.05))
    (fp_line (start 1.48 -0.73) (end 1.48 0.73) (layer F.CrtYd) (width 0.05))
    (fp_line (start -1.48 -0.73) (end 1.48 -0.73) (layer F.CrtYd) (width 0.05))
    (fp_line (start -1.48 0.73) (end -1.48 -0.73) (layer F.CrtYd) (width 0.05))
    (fp_line (start -0.237258 0.5225) (end 0.237258 0.5225) (layer F.SilkS) (width 0.12))
    (fp_line (start -0.237258 -0.5225) (end 0.237258 -0.5225) (layer F.SilkS) (width 0.12))
    (fp_line (start 0.8 0.4125) (end -0.8 0.4125) (layer F.Fab) (width 0.1))
    (fp_line (start 0.8 -0.4125) (end 0.8 0.4125) (layer F.Fab) (width 0.1))
    (fp_line (start -0.8 -0.4125) (end 0.8 -0.4125) (layer F.Fab) (width 0.1))
    (fp_line (start -0.8 0.4125) (end -0.8 -0.4125) (layer F.Fab) (width 0.1))
    (fp_text user %R (at 0 0) (layer F.Fab)
      (effects (font (size 0.4 0.4) (thickness 0.06)))
    )
    (pad 1 smd roundrect (at -0.825 0) (size 0.8 0.95) (layers F.Cu F.Paste F.Mask) (roundrect_rratio 0.25)
      (net 1 GND))
    (pad 2 smd roundrect (at 0.825 0) (size 0.8 0.95) (layers F.Cu F.Paste F.Mask) (roundrect_rratio 0.25)
      (net 15 "Net-(R1-Pad2)"))
    (model ${KISYS3DMOD}/Resistor_SMD.3dshapes/R_0603_1608Metric.wrl
      (at (xyz 0 0 0))
      (scale (xyz 1 1 1))
      (rotate (xyz 0 0 0))
    )
  )

  (module Resistor_SMD:R_0603_1608Metric (layer F.Cu) (tedit 5F68FEEE) (tstamp 615878EA)
    (at 181.6 47 270)
    (descr "Resistor SMD 0603 (1608 Metric), square (rectangular) end terminal, IPC_7351 nominal, (Body size source: IPC-SM-782 page 72, https://www.pcb-3d.com/wordpress/wp-content/uploads/ipc-sm-782a_amendment_1_and_2.pdf), generated with kicad-footprint-generator")
    (tags resistor)
    (path /615B92F8)
    (attr smd)
    (fp_text reference R2 (at -0.2 1.2 90) (layer F.SilkS)
      (effects (font (size 0.75 0.75) (thickness 0.12)))
    )
    (fp_text value 10k (at 0 1.43 90) (layer F.Fab)
      (effects (font (size 1 1) (thickness 0.15)))
    )
    (fp_line (start 1.48 0.73) (end -1.48 0.73) (layer F.CrtYd) (width 0.05))
    (fp_line (start 1.48 -0.73) (end 1.48 0.73) (layer F.CrtYd) (width 0.05))
    (fp_line (start -1.48 -0.73) (end 1.48 -0.73) (layer F.CrtYd) (width 0.05))
    (fp_line (start -1.48 0.73) (end -1.48 -0.73) (layer F.CrtYd) (width 0.05))
    (fp_line (start -0.237258 0.5225) (end 0.237258 0.5225) (layer F.SilkS) (width 0.12))
    (fp_line (start -0.237258 -0.5225) (end 0.237258 -0.5225) (layer F.SilkS) (width 0.12))
    (fp_line (start 0.8 0.4125) (end -0.8 0.4125) (layer F.Fab) (width 0.1))
    (fp_line (start 0.8 -0.4125) (end 0.8 0.4125) (layer F.Fab) (width 0.1))
    (fp_line (start -0.8 -0.4125) (end 0.8 -0.4125) (layer F.Fab) (width 0.1))
    (fp_line (start -0.8 0.4125) (end -0.8 -0.4125) (layer F.Fab) (width 0.1))
    (fp_text user %R (at 0 0 90) (layer F.Fab)
      (effects (font (size 0.4 0.4) (thickness 0.06)))
    )
    (pad 1 smd roundrect (at -0.825 0 270) (size 0.8 0.95) (layers F.Cu F.Paste F.Mask) (roundrect_rratio 0.25)
      (net 6 +3V3))
    (pad 2 smd roundrect (at 0.825 0 270) (size 0.8 0.95) (layers F.Cu F.Paste F.Mask) (roundrect_rratio 0.25)
      (net 13 WS2182B))
    (model ${KISYS3DMOD}/Resistor_SMD.3dshapes/R_0603_1608Metric.wrl
      (at (xyz 0 0 0))
      (scale (xyz 1 1 1))
      (rotate (xyz 0 0 0))
    )
  )

  (module Resistor_SMD:R_0603_1608Metric (layer F.Cu) (tedit 5F68FEEE) (tstamp 615878FB)
    (at 193.9 30.5 270)
    (descr "Resistor SMD 0603 (1608 Metric), square (rectangular) end terminal, IPC_7351 nominal, (Body size source: IPC-SM-782 page 72, https://www.pcb-3d.com/wordpress/wp-content/uploads/ipc-sm-782a_amendment_1_and_2.pdf), generated with kicad-footprint-generator")
    (tags resistor)
    (path /61517011)
    (attr smd)
    (fp_text reference R3 (at -2 1.2 180) (layer F.SilkS)
      (effects (font (size 0.75 0.75) (thickness 0.12)))
    )
    (fp_text value 10k (at 0 1.43 90) (layer F.Fab)
      (effects (font (size 1 1) (thickness 0.15)))
    )
    (fp_line (start -0.8 0.4125) (end -0.8 -0.4125) (layer F.Fab) (width 0.1))
    (fp_line (start -0.8 -0.4125) (end 0.8 -0.4125) (layer F.Fab) (width 0.1))
    (fp_line (start 0.8 -0.4125) (end 0.8 0.4125) (layer F.Fab) (width 0.1))
    (fp_line (start 0.8 0.4125) (end -0.8 0.4125) (layer F.Fab) (width 0.1))
    (fp_line (start -0.237258 -0.5225) (end 0.237258 -0.5225) (layer F.SilkS) (width 0.12))
    (fp_line (start -0.237258 0.5225) (end 0.237258 0.5225) (layer F.SilkS) (width 0.12))
    (fp_line (start -1.48 0.73) (end -1.48 -0.73) (layer F.CrtYd) (width 0.05))
    (fp_line (start -1.48 -0.73) (end 1.48 -0.73) (layer F.CrtYd) (width 0.05))
    (fp_line (start 1.48 -0.73) (end 1.48 0.73) (layer F.CrtYd) (width 0.05))
    (fp_line (start 1.48 0.73) (end -1.48 0.73) (layer F.CrtYd) (width 0.05))
    (fp_text user %R (at 0 0 90) (layer F.Fab)
      (effects (font (size 0.4 0.4) (thickness 0.06)))
    )
    (pad 2 smd roundrect (at 0.825 0 270) (size 0.8 0.95) (layers F.Cu F.Paste F.Mask) (roundrect_rratio 0.25)
      (net 6 +3V3))
    (pad 1 smd roundrect (at -0.825 0 270) (size 0.8 0.95) (layers F.Cu F.Paste F.Mask) (roundrect_rratio 0.25)
      (net 8 "Net-(C3-Pad2)"))
    (model ${KISYS3DMOD}/Resistor_SMD.3dshapes/R_0603_1608Metric.wrl
      (at (xyz 0 0 0))
      (scale (xyz 1 1 1))
      (rotate (xyz 0 0 0))
    )
  )

  (module Resistor_SMD:R_0603_1608Metric (layer F.Cu) (tedit 5F68FEEE) (tstamp 6158790C)
    (at 187.7 29.6 180)
    (descr "Resistor SMD 0603 (1608 Metric), square (rectangular) end terminal, IPC_7351 nominal, (Body size source: IPC-SM-782 page 72, https://www.pcb-3d.com/wordpress/wp-content/uploads/ipc-sm-782a_amendment_1_and_2.pdf), generated with kicad-footprint-generator")
    (tags resistor)
    (path /61513310)
    (attr smd)
